[gd_scene load_steps=8 format=2]

[ext_resource path="res://TestImport/teeth.material" type="Material" id=1]
[ext_resource path="res://TestImport/Emma maw.material" type="Material" id=2]
[ext_resource path="res://TestImport/HUD retry.material" type="Material" id=3]

[sub_resource type="ArrayMesh" id=1]
resource_name = "test lvl_arrows L"
surfaces/0 = {
"aabb": AABB( -1.29305, -0.46079, -5.44765, 2.58611, 0.0770485, 2.83028 ),
"array_data": PoolByteArray( 90, 235, 119, 53, 18, 123, 196, 190, 182, 184, 155, 192, 0, 126, 130, 63, 249, 55, 178, 58, 90, 235, 119, 53, 18, 123, 196, 190, 182, 184, 155, 192, 0, 126, 130, 63, 249, 55, 178, 58, 153, 221, 206, 62, 168, 236, 235, 190, 113, 189, 46, 192, 240, 97, 147, 53, 74, 54, 131, 52, 153, 221, 206, 62, 168, 236, 235, 190, 113, 189, 46, 192, 0, 127, 130, 63, 74, 54, 131, 52, 126, 221, 206, 190, 168, 236, 235, 190, 115, 189, 46, 192, 0, 127, 130, 63, 207, 56, 131, 52, 126, 221, 206, 190, 168, 236, 235, 190, 115, 189, 46, 192, 16, 97, 149, 72, 207, 56, 131, 52, 201, 53, 129, 63, 18, 123, 196, 190, 110, 8, 98, 192, 0, 126, 130, 63, 134, 51, 221, 55, 201, 53, 129, 63, 18, 123, 196, 190, 110, 8, 98, 192, 0, 127, 129, 63, 134, 51, 221, 55, 195, 71, 172, 62, 18, 123, 196, 190, 14, 3, 92, 192, 240, 97, 148, 54, 142, 54, 118, 55, 195, 71, 172, 62, 18, 123, 196, 190, 14, 3, 92, 192, 0, 127, 129, 63, 142, 54, 118, 55, 155, 71, 172, 190, 18, 123, 196, 190, 15, 3, 92, 192, 0, 127, 130, 63, 173, 56, 117, 55, 155, 71, 172, 190, 18, 123, 196, 190, 15, 3, 92, 192, 16, 97, 148, 72, 173, 56, 117, 55, 188, 53, 129, 191, 18, 123, 196, 190, 111, 8, 98, 192, 0, 127, 130, 63, 19, 58, 217, 55, 188, 53, 129, 191, 18, 123, 196, 190, 111, 8, 98, 192, 0, 126, 130, 63, 19, 58, 217, 55, 2, 166, 193, 62, 18, 123, 196, 190, 166, 109, 86, 192, 240, 97, 148, 54, 97, 54, 25, 55, 2, 166, 193, 62, 18, 123, 196, 190, 166, 109, 86, 192, 0, 127, 129, 63, 97, 54, 25, 55, 233, 125, 4, 63, 168, 236, 235, 190, 21, 131, 39, 192, 240, 97, 147, 53, 209, 53, 12, 52, 233, 125, 4, 63, 168, 236, 235, 190, 21, 131, 39, 192, 0, 127, 130, 63, 209, 53, 12, 52, 188, 37, 141, 53, 18, 123, 196, 190, 44, 83, 174, 192, 0, 126, 130, 63, 250, 55, 231, 59, 188, 37, 141, 53, 18, 123, 196, 190, 44, 83, 174, 192, 0, 126, 130, 63, 250, 55, 231, 59, 221, 125, 4, 191, 168, 236, 235, 190, 21, 131, 39, 192, 0, 127, 129, 63, 12, 57, 12, 52, 221, 125, 4, 191, 168, 236, 235, 190, 21, 131, 39, 192, 16, 97, 149, 72, 12, 57, 12, 52, 209, 130, 165, 191, 18, 123, 196, 190, 117, 22, 89, 192, 0, 127, 130, 63, 170, 58, 68, 55, 209, 130, 165, 191, 18, 123, 196, 190, 117, 22, 89, 192, 0, 126, 130, 63, 170, 58, 68, 55, 219, 130, 165, 63, 18, 123, 196, 190, 115, 22, 89, 192, 0, 126, 130, 63, 43, 49, 74, 55, 219, 130, 165, 63, 18, 123, 196, 190, 115, 22, 89, 192, 0, 127, 129, 63, 43, 49, 74, 55, 217, 165, 193, 190, 18, 123, 196, 190, 168, 109, 86, 192, 0, 127, 130, 63, 196, 56, 25, 55, 217, 165, 193, 190, 18, 123, 196, 190, 168, 109, 86, 192, 16, 97, 148, 73, 196, 56, 25, 55 ),
"array_index_data": PoolByteArray( 9, 0, 25, 0, 15, 0, 9, 0, 7, 0, 25, 0, 4, 0, 17, 0, 20, 0, 4, 0, 3, 0, 17, 0, 11, 0, 21, 0, 27, 0, 11, 0, 5, 0, 21, 0, 12, 0, 26, 0, 22, 0, 12, 0, 10, 0, 26, 0, 1, 0, 23, 0, 19, 0, 1, 0, 13, 0, 23, 0, 2, 0, 14, 0, 16, 0, 2, 0, 8, 0, 14, 0, 6, 0, 18, 0, 24, 0, 6, 0, 0, 0, 18, 0 ),
"blend_shape_data": [  ],
"format": 2194711,
"index_count": 42,
"material": ExtResource( 1 ),
"primitive": 4,
"skeleton_aabb": [  ],
"vertex_count": 28
}

[sub_resource type="ArrayMesh" id=2]
resource_name = "test lvl_Retry Button"
surfaces/0 = {
"aabb": AABB( -0.591228, 0.00517921, -0.22698, 1.18247, 1.00001e-05, 0.45396 ),
"array_data": PoolByteArray( 177, 90, 23, 63, 91, 182, 169, 59, 116, 109, 104, 190, 0, 127, 126, 63, 46, 58, 184, 41, 177, 90, 23, 191, 91, 182, 169, 59, 116, 109, 104, 190, 0, 127, 127, 63, 135, 49, 184, 41, 177, 90, 23, 63, 91, 182, 169, 59, 120, 109, 104, 62, 0, 127, 126, 63, 46, 58, 142, 52, 177, 90, 23, 191, 91, 182, 169, 59, 120, 109, 104, 62, 0, 127, 127, 63, 135, 49, 142, 52 ),
"array_index_data": PoolByteArray( 3, 0, 0, 0, 2, 0, 3, 0, 1, 0, 0, 0 ),
"blend_shape_data": [  ],
"format": 2194711,
"index_count": 6,
"material": ExtResource( 3 ),
"primitive": 4,
"skeleton_aabb": [  ],
"vertex_count": 4
}

[sub_resource type="ArrayMesh" id=3]
resource_name = "test lvl_Emmamaw"
surfaces/0 = {
"aabb": AABB( -0.148709, 0.968466, -0.147071, 0.154839, 0.0633284, 0.0461848 ),
"array_data": PoolByteArray( 22, 233, 22, 190, 59, 222, 127, 63, 207, 67, 13, 190, 226, 227, 79, 54, 95, 37, 6, 56, 165, 56, 247, 49, 17, 0, 0, 0, 255, 255, 0, 0, 0, 0, 0, 0, 23, 71, 24, 190, 175, 194, 131, 63, 33, 86, 1, 190, 225, 229, 79, 54, 207, 32, 2, 54, 164, 56, 216, 47, 17, 0, 0, 0, 255, 255, 0, 0, 0, 0, 0, 0, 214, 238, 240, 189, 216, 17, 132, 63, 239, 39, 228, 189, 229, 231, 83, 54, 223, 46, 87, 53, 210, 56, 216, 47, 17, 0, 0, 0, 255, 255, 0, 0, 0, 0, 0, 0, 250, 112, 205, 189, 122, 215, 127, 63, 98, 186, 237, 189, 235, 222, 90, 55, 104, 49, 75, 55, 0, 57, 244, 49, 17, 0, 0, 0, 255, 255, 0, 0, 0, 0, 0, 0, 39, 90, 235, 189, 52, 86, 121, 63, 231, 223, 11, 190, 234, 215, 89, 55, 23, 48, 172, 56, 253, 56, 211, 50, 17, 0, 0, 0, 255, 255, 0, 0, 0, 0, 0, 0, 222, 119, 183, 189, 92, 70, 131, 63, 200, 229, 217, 189, 237, 233, 95, 57, 59, 50, 117, 53, 4, 57, 166, 48, 17, 0, 0, 0, 255, 255, 0, 0, 0, 0, 0, 0, 134, 141, 112, 59, 103, 87, 127, 63, 218, 153, 22, 190, 36, 227, 108, 90, 219, 55, 29, 56, 165, 56, 247, 49, 17, 0, 0, 0, 255, 255, 0, 0, 0, 0, 0, 0, 31, 226, 200, 59, 148, 125, 131, 63, 58, 232, 10, 190, 37, 230, 108, 90, 5, 56, 49, 54, 164, 56, 216, 47, 17, 0, 0, 0, 255, 255, 0, 0, 0, 0, 0, 0, 125, 248, 187, 188, 148, 231, 131, 63, 210, 220, 239, 189, 34, 231, 109, 88, 126, 54, 115, 53, 210, 56, 216, 47, 17, 0, 0, 0, 255, 255, 0, 0, 0, 0, 0, 0, 234, 230, 41, 189, 246, 162, 127, 63, 70, 0, 245, 189, 27, 223, 111, 85, 118, 53, 91, 55, 0, 57, 244, 49, 17, 0, 0, 0, 255, 255, 0, 0, 0, 0, 0, 0, 175, 28, 238, 188, 146, 9, 121, 63, 96, 46, 17, 190, 27, 216, 111, 85, 28, 54, 185, 56, 253, 56, 211, 50, 17, 0, 0, 0, 255, 255, 0, 0, 0, 0, 0, 0, 198, 66, 78, 189, 218, 52, 131, 63, 54, 191, 222, 189, 27, 234, 115, 83, 23, 53, 129, 53, 4, 57, 166, 48, 17, 0, 0, 0, 255, 255, 0, 0, 0, 0, 0, 0, 5, 75, 144, 189, 3, 42, 127, 63, 96, 93, 225, 189, 4, 217, 126, 66, 21, 52, 42, 55, 76, 57, 244, 49, 17, 0, 0, 0, 255, 255, 0, 0, 0, 0, 0, 0, 20, 66, 148, 189, 101, 237, 119, 63, 165, 254, 10, 190, 3, 200, 126, 60, 13, 52, 192, 56, 76, 57, 211, 50, 17, 16, 0, 0, 207, 215, 47, 40, 0, 0, 0, 0, 217, 79, 142, 189, 205, 122, 131, 63, 150, 157, 206, 189, 5, 229, 126, 67, 28, 52, 53, 53, 76, 57, 166, 48, 17, 0, 0, 0, 255, 255, 0, 0, 0, 0, 0, 0, 157, 19, 146, 189, 141, 59, 123, 63, 210, 208, 247, 189, 3, 202, 126, 66, 17, 52, 35, 56, 76, 57, 133, 50, 17, 16, 0, 0, 99, 228, 155, 27, 0, 0, 0, 0 ),
"array_index_data": PoolByteArray( 3, 0, 1, 0, 2, 0, 3, 0, 0, 0, 1, 0, 10, 0, 15, 0, 9, 0, 10, 0, 13, 0, 15, 0, 6, 0, 8, 0, 7, 0, 6, 0, 9, 0, 8, 0, 10, 0, 9, 0, 6, 0, 12, 0, 15, 0, 3, 0, 14, 0, 9, 0, 12, 0, 14, 0, 11, 0, 9, 0, 9, 0, 15, 0, 12, 0, 14, 0, 3, 0, 5, 0, 14, 0, 12, 0, 3, 0, 3, 0, 2, 0, 5, 0, 0, 0, 3, 0, 4, 0, 4, 0, 15, 0, 13, 0, 4, 0, 3, 0, 15, 0, 8, 0, 9, 0, 11, 0 ),
"blend_shape_data": [  ],
"format": 2194935,
"index_count": 54,
"material": ExtResource( 2 ),
"primitive": 4,
"skeleton_aabb": [ AABB( 0, 0, 0, -1, -1, -1 ), AABB( 0, 0, 0, -1, -1, -1 ), AABB( 0, 0, 0, -1, -1, -1 ), AABB( 0, 0, 0, -1, -1, -1 ), AABB( 0, 0, 0, -1, -1, -1 ), AABB( 0, 0, 0, -1, -1, -1 ), AABB( 0, 0, 0, -1, -1, -1 ), AABB( 0, 0, 0, -1, -1, -1 ), AABB( 0, 0, 0, -1, -1, -1 ), AABB( 0, 0, 0, -1, -1, -1 ), AABB( 0, 0, 0, -1, -1, -1 ), AABB( 0, 0, 0, -1, -1, -1 ), AABB( 0, 0, 0, -1, -1, -1 ), AABB( 0, 0, 0, -1, -1, -1 ), AABB( 0, 0, 0, -1, -1, -1 ), AABB( 0, 0, 0, -1, -1, -1 ), AABB( -0.0723917, 0.968466, -0.135737, 0.00106519, 0.0129113, 0.0147333 ), AABB( -0.148709, 0.968466, -0.147071, 0.154839, 0.0633284, 0.0461848 ) ],
"vertex_count": 16
}

[sub_resource type="Skin" id=4]
resource_name = "Skin"
bind_count = 63
bind/0/name = "BasePlayer.001"
bind/0/bone = -1
bind/0/pose = Transform( -1.2666, -0.275385, 0.0532445, 0.0544829, 1.36569e-05, 1.29614, -0.275143, 1.26772, 0.0115523, -0.316963, 0.116453, 0.709854 )
bind/1/name = "BasePlayer"
bind/1/bone = -1
bind/1/pose = Transform( 1.29481, -0.0175735, -0.0781567, 0.077923, -0.0172633, 1.29483, -0.0185803, -1.29706, -0.0161748, 0.0946376, 0.832354, -0.583986 )
bind/2/name = "Controlplayer"
bind/2/bone = -1
bind/2/pose = Transform( -1.29481, 0.0176303, 0.078157, 0.0765568, -0.10097, 1.29109, 0.0236291, 1.29323, 0.0997368, -0.0946066, 1.04496, -0.637663 )
bind/3/name = "taz"
bind/3/bone = -1
bind/3/pose = Transform( 1.29481, -0.0176359, -0.0781579, -0.0413057, -1.23128, -0.406466, -0.0686547, 0.408178, -1.22949, 0.0946093, 0.536919, -0.404855 )
bind/4/name = "bedro.L"
bind/4/bone = -1
bind/4/pose = Transform( 0.0778692, -0.0376188, 1.2944, -0.00479605, -1.29674, -0.0373984, 1.29494, -0.00254051, -0.0779759, 0.26785, 0.547582, -0.0401981 )
bind/5/name = "colen.L"
bind/5/bone = -1
bind/5/pose = Transform( 1.29465, -0.0156597, -0.0811676, -0.0295285, -1.27737, -0.224548, -0.0772101, 0.225939, -1.27513, -0.0402766, 0.0102111, -0.272146 )
bind/6/name = "bedro.R"
bind/6/bone = -1
bind/6/pose = Transform( -0.0775001, 0.0376152, -1.29443, -0.0383929, -1.29624, -0.0353693, -1.2944, 0.0361952, 0.078551, -0.267836, 0.544765, -0.230837 )
bind/7/name = "colen.R"
bind/7/bone = -1
bind/7/pose = Transform( 1.29466, -0.0154492, -0.0811562, -0.0293196, -1.27737, -0.224561, -0.0772353, 0.225939, -1.27513, 0.229409, 0.0105432, -0.272839 )
bind/8/name = "front 1"
bind/8/bone = -1
bind/8/pose = Transform( -1.29481, 0.0176362, 0.0781581, -0.00928579, -1.28998, 0.137248, 0.0795829, 0.136427, 1.28764, -0.0946094, 0.481189, 0.0772871 )
bind/9/name = "front 2"
bind/9/bone = -1
bind/9/pose = Transform( 1.29481, -0.0176363, -0.0781554, -0.0230334, -1.29399, -0.0896013, -0.0767379, 0.0908178, -1.29183, 0.0946096, 0.235919, -0.120311 )
bind/10/name = "front 3"
bind/10/bone = -1
bind/10/pose = Transform( 1.29481, -0.0176361, -0.0781571, -0.0216628, -1.2954, -0.0665754, -0.0771377, 0.0677534, -1.29322, 0.0946095, 0.0568087, -0.119318 )
bind/11/name = "back 1"
bind/11/bone = -1
bind/11/pose = Transform( 1.29481, -0.0176361, -0.0781574, -0.0280445, -1.28518, -0.174607, -0.0750537, 0.175963, -1.28311, 0.0946094, 0.489164, -0.527869 )
bind/12/name = "back 2"
bind/12/bone = -1
bind/12/pose = Transform( 1.29481, -0.0176362, -0.0781565, -0.02342, -1.29351, -0.0961133, -0.0766219, 0.0973406, -1.29136, 0.0946098, 0.340435, -0.508073 )
bind/13/name = "back 3"
bind/13/bone = -1
bind/13/pose = Transform( -1.29481, 0.0176361, 0.0781579, -0.0161948, -1.29696, 0.0243641, 0.0784688, 0.023342, 1.2947, -0.0946092, 0.188027, 0.492726 )
bind/14/name = "spina"
bind/14/bone = -1
bind/14/pose = Transform( -1.29481, 0.0176361, 0.0781564, 0.0174875, 1.29717, -0.00299427, -0.0781893, -0.00193495, -1.29493, -0.0946096, -0.679872, -0.203598 )
bind/15/name = "grud"
bind/15/bone = -1
bind/15/pose = Transform( 1.29481, -0.0176361, -0.0781575, -0.00778837, 1.23177, -0.40698, 0.0797427, 0.406672, 1.22932, 0.0946095, -0.858502, -0.0677145 )
bind/16/name = "shea"
bind/16/bone = -1
bind/16/pose = Transform( 1.29481, -0.0176361, -0.0781574, 0.018835, 1.29701, 0.0193649, 0.0778768, -0.0204624, 1.29479, 0.0946094, -1.11063, 0.314517 )
bind/17/name = "head"
bind/17/bone = -1
bind/17/pose = Transform( 1.29481, -0.0176362, -0.0781587, 0.0137298, 1.29559, -0.0648933, 0.0789382, 0.0639424, 1.29331, 0.0946092, -1.29144, 0.231007 )
bind/18/name = "ear.L"
bind/18/bone = -1
bind/18/pose = Transform( 0.119539, 0.10945, 1.28713, 0.389784, 1.22932, -0.140735, -1.23156, 0.399698, 0.0803909, 0.137909, -1.63674, -0.460926 )
bind/19/name = "ear2.L"
bind/19/bone = -1
bind/19/pose = Transform( -0.720108, 0.944108, 0.522554, 0.45971, -0.299953, 1.17544, 0.976253, 0.837643, -0.168057, -1.18499, 0.676848, -1.33089 )
bind/20/name = "ear3.L"
bind/20/bone = -1
bind/20/pose = Transform( -0.684346, 0.905876, 0.627709, 0.346721, -0.524398, 1.13479, 1.04614, 0.76639, 0.03452, -1.12185, 0.844968, -1.21277 )
bind/21/name = "hair4.L"
bind/21/bone = -1
bind/21/pose = Transform( 1.29481, -0.0176361, -0.0781577, -0.0139038, -1.29573, 0.0620414, -0.0789068, -0.0610855, -1.29345, 0.0954586, 1.43041, -0.485734 )
bind/22/name = "hair44.L"
bind/22/bone = -1
bind/22/pose = Transform( 1.2948, -0.0151266, -0.0788852, -0.044247, -1.19766, -0.496605, -0.0670359, 0.498342, -1.19588, 0.0930003, 0.82216, -0.925746 )
bind/23/name = "hair2.L"
bind/23/bone = -1
bind/23/pose = Transform( 1.29481, -0.0176361, -0.0781574, -0.0230535, -1.29396, -0.089939, -0.0767351, 0.0911549, -1.29183, -0.088149, 1.34756, -0.494603 )
bind/24/name = "hair22.L"
bind/24/bone = -1
bind/24/pose = Transform( 0.030128, -0.0197982, 1.29681, 0.976892, -0.852857, -0.0357155, 0.853073, 0.977344, -0.00489696, 0.441597, 0.616557, -0.838314 )
bind/25/name = "Hair1.L"
bind/25/bone = -1
bind/25/pose = Transform( -1.09461, -0.0720336, 0.692482, 0.106906, -1.29241, 0.0345509, 0.687967, 0.0862201, 1.09646, 0.317481, 1.48677, 0.098896 )
bind/26/name = "hair3.L"
bind/26/bone = -1
bind/26/pose = Transform( 1.18774, -0.025029, 0.521156, 0.200078, -1.17489, -0.512414, 0.48187, 0.54952, -1.07182, 0.160093, 1.03687, -1.02416 )
bind/27/name = "ear.R"
bind/27/bone = -1
bind/27/pose = Transform( -0.0391362, -0.110545, -1.29198, -0.370375, 1.23967, -0.0948501, 1.24268, 0.365997, -0.0689589, -0.132034, -1.69228, -0.280138 )
bind/28/name = "ear2.R"
bind/28/bone = -1
bind/28/pose = Transform( -0.803078, -0.923362, -0.430612, -0.322982, -0.289292, 1.22268, -0.966285, 0.864101, -0.0508015, 1.0737, 0.619658, -1.47282 )
bind/29/name = "ear3.R"
bind/29/bone = -1
bind/29/pose = Transform( -0.779198, -0.885942, -0.539366, -0.221834, -0.516654, 1.16911, -1.01321, 0.794439, 0.158827, 1.01491, 0.803425, -1.36325 )
bind/30/name = "hair2.R"
bind/30/bone = -1
bind/30/pose = Transform( 1.29481, -0.0176361, -0.0781574, -0.0230535, -1.29396, -0.089939, -0.0767351, 0.0911549, -1.29183, 0.277368, 1.34756, -0.494603 )
bind/31/name = "hair22.R"
bind/31/bone = -1
bind/31/pose = Transform( -0.125522, 0.0210975, -1.29105, -0.996879, -0.825973, 0.0834251, -0.820631, 1.00014, 0.0961311, -0.448568, 0.472337, -0.960609 )
bind/32/name = "Hair1.R"
bind/32/bone = -1
bind/32/pose = Transform( -1.16758, 0.102846, -0.555932, -0.137008, -1.28909, 0.049274, -0.548515, 0.103062, 1.1711, -0.482775, 1.46895, 0.00854872 )
bind/33/name = "hair3.R"
bind/33/bone = -1
bind/33/pose = Transform( 1.11668, -0.00635858, -0.660255, -0.292059, -1.16818, -0.482707, -0.592181, 0.564149, -1.00698, 0.00828661, 1.00091, -1.10263 )
bind/34/name = "grudi"
bind/34/bone = -1
bind/34/pose = Transform( -1.29481, 0.0176371, 0.0781575, 0.0768854, -0.0825529, 1.29238, 0.0225439, 1.29454, 0.0813499, -0.0946102, 0.278211, -1.01804 )
bind/35/name = "lopatka.L"
bind/35/bone = -1
bind/35/pose = Transform( -0.29085, 0.0348606, 1.26378, 1.25482, 0.166214, 0.2842, -0.154285, 1.28612, -0.070984, 0.295769, 0.033013, -1.13966 )
bind/36/name = "pleso.L"
bind/36/bone = -1
bind/36/pose = Transform( 0.152835, -0.193476, 1.27364, 0.471667, -1.18511, -0.236628, 1.1988, 0.490947, -0.0692764, 0.442717, 0.887161, -0.495871 )
bind/37/name = "locot.L"
bind/37/bone = -1
bind/37/pose = Transform( 0.00215582, 0.133708, 1.29038, 0.578506, -1.15507, 0.118721, 1.16116, 0.575226, -0.0615448, 0.266579, 0.663273, -0.540485 )
bind/38/name = "kist.L"
bind/38/bone = -1
bind/38/pose = Transform( 0.0480241, 0.207698, 1.27965, 0.172892, -1.27012, 0.199662, 1.28482, 0.163151, -0.0746991, 0.222387, 0.520957, -0.407866 )
bind/39/name = "bigpal.L"
bind/39/bone = -1
bind/39/pose = Transform( -0.413768, -0.653674, -1.04138, -0.793852, -0.697021, 0.752941, -0.938912, 0.8774, -0.17769, 0.128001, 0.564954, -0.103894 )
bind/40/name = "ukazpal.L"
bind/40/bone = -1
bind/40/pose = Transform( -1.05029, 0.761219, 0.0196383, -0.718992, -1.00239, 0.401527, 0.25078, 0.314195, 1.23343, 0.0636352, 0.558332, 0.074096 )
bind/41/name = "sredpal.L"
bind/41/bone = -1
bind/41/pose = Transform( -0.471546, 0.793104, 0.911916, -0.760033, -0.95568, 0.438161, 0.939657, -0.374991, 0.812026, 0.105504, 0.577219, 0.0180724 )
bind/42/name = "besimpal.L"
bind/42/bone = -1
bind/42/pose = Transform( -1.01564, 0.803766, 0.0734689, -0.76232, -0.994079, 0.337096, 0.265153, 0.220738, 1.25057, 0.0706943, 0.561921, 0.169937 )
bind/43/name = "mizin.L"
bind/43/bone = -1
bind/43/pose = Transform( -1.15827, 0.536029, -0.232459, -0.571275, -1.14725, 0.20103, -0.122511, 0.281853, 1.26036, 0.0973165, 0.515593, 0.293119 )
bind/44/name = "lopatka.R"
bind/44/bone = -1
bind/44/pose = Transform( -0.441563, -0.0248847, -1.21957, -1.20655, 0.199739, 0.432773, 0.179473, 1.28158, -0.0911302, -0.349285, -0.146834, -1.11528 )
bind/45/name = "pleso.R"
bind/45/bone = -1
bind/45/pose = Transform( 0.0114054, 0.207225, -1.28058, -0.54241, -1.16255, -0.192956, -1.1784, 0.53712, 0.0764227, -0.442249, 0.800591, -0.678625 )
bind/46/name = "locot.R"
bind/46/bone = -1
bind/46/pose = Transform( -0.165194, -0.147465, -1.27825, -0.580373, -1.14166, 0.206712, -1.14841, 0.598177, 0.0794058, -0.274241, 0.586308, -0.706836 )
bind/47/name = "kist.R"
bind/47/bone = -1
bind/47/pose = Transform( -0.111873, -0.206828, -1.2758, -0.182029, -1.26528, 0.221085, -1.27957, 0.198079, 0.0800928, -0.227052, 0.495023, -0.595241 )
bind/48/name = "bigpal.R"
bind/48/bone = -1
bind/48/pose = Transform( -0.267633, 0.662955, 1.08251, 0.859431, -0.71954, 0.653145, 0.934189, 0.851887, -0.290754, -0.177789, 0.685756, 0.0329701 )
bind/49/name = "ukazpal.R"
bind/49/bone = -1
bind/49/pose = Transform( -1.0653, -0.732403, 0.108063, 0.734593, -1.02219, 0.313786, -0.0920048, 0.318864, 1.25412, -0.218218, 0.664543, 0.0490493 )
bind/50/name = "sredpal.R"
bind/50/bone = -1
bind/50/pose = Transform( -0.599141, -0.778521, -0.847287, 0.780994, -0.97667, 0.345141, -0.845008, -0.350683, 0.919752, -0.183737, 0.689819, -0.11233 )
bind/51/name = "besimpal.R"
bind/51/bone = -1
bind/51/pose = Transform( -1.03854, -0.775787, 0.0505253, 0.770068, -1.01495, 0.244598, -0.106743, 0.225804, 1.27302, -0.220789, 0.673889, 0.142763 )
bind/52/name = "mizin.R"
bind/52/bone = -1
bind/52/pose = Transform( -1.13603, -0.504779, 0.370948, 0.55996, -1.16266, 0.132746, 0.2808, 0.27636, 1.23602, -0.264956, 0.59825, 0.322588 )
bind/53/name = "Koleno.L"
bind/53/bone = -1
bind/53/pose = Transform( 1.29481, -0.0176362, -0.0781574, 0.0188351, 1.29701, 0.0193649, 0.0778768, -0.0204624, 1.29479, -0.168031, -0.175155, -1.08346 )
bind/54/name = "IK Feet.L"
bind/54/bone = -1
bind/54/pose = Transform( 1.29481, -0.0176361, -0.0781574, -0.0791028, -0.080173, -1.29239, 0.0127393, 1.29468, -0.0810955, -0.0401915, -0.40244, 0.569234 )
bind/55/name = "sole.L"
bind/55/bone = -1
bind/55/pose = Transform( -1.27875, -0.0125239, 0.218188, 0.217407, -0.205011, 1.2624, 0.022293, 1.28092, 0.204182, 0.0543456, 0.156594, 0.613544 )
bind/56/name = "feet.L"
bind/56/bone = -1
bind/56/pose = Transform( 1.29481, -0.0176364, -0.0781576, -0.0607724, 0.608494, -1.14411, 0.0522139, 1.14558, 0.606511, -0.0401917, 0.034093, 0.630942 )
bind/57/name = "pyatka.L"
bind/57/bone = -1
bind/57/pose = Transform( 1.29481, -0.0176361, -0.0781574, -0.0783532, -0.014274, -1.29484, 0.0167429, 1.29708, -0.0153116, -0.0401915, -0.390823, 0.505531 )
bind/58/name = "Koleno.R"
bind/58/bone = -1
bind/58/pose = Transform( 1.29481, -0.0176362, -0.0781574, 0.0188351, 1.29701, 0.0193649, 0.0778768, -0.0204624, 1.29479, 0.35725, -0.175155, -1.08346 )
bind/59/name = "IK Feet.R"
bind/59/bone = -1
bind/59/pose = Transform( 1.29481, -0.0176361, -0.0781574, -0.0791028, -0.080173, -1.29239, 0.0127393, 1.29468, -0.0810955, 0.22941, -0.40244, 0.569234 )
bind/60/name = "sole.R"
bind/60/bone = -1
bind/60/pose = Transform( -1.29489, 0.0475782, -0.0628384, -0.0694918, -0.201104, 1.27972, 0.0371931, 1.28071, 0.203283, -0.242397, 0.135631, 0.614632 )
bind/61/name = "feet.R"
bind/61/bone = -1
bind/61/pose = Transform( 1.29481, -0.0176358, -0.0781573, -0.0607724, 0.608494, -1.14411, 0.0522133, 1.14558, 0.606511, 0.229411, 0.034093, 0.630942 )
bind/62/name = "pyatka.R"
bind/62/bone = -1
bind/62/pose = Transform( 1.29481, -0.0176361, -0.0781574, -0.0783532, -0.014274, -1.29484, 0.0167429, 1.29708, -0.0153115, 0.22941, -0.390823, 0.505531 )

[node name="EmmaMaw" type="Spatial"]

[node name="arrows L" type="MeshInstance" parent="."]
transform = Transform( 0, 0, 1.41902, 0, 1.41902, 0, -1.41902, 0, 0, -16.6876, 0, 6.90695 )
mesh = SubResource( 1 )
material/0 = null

[node name="Retry Button" type="MeshInstance" parent="."]
transform = Transform( 1.51176, 0, 0, 0, 1.51176, 0, 0, 0, 1.51176, 0, 0, -0.409661 )
mesh = SubResource( 2 )
material/0 = null

[node name="Emma" type="Spatial" parent="."]
transform = Transform( 0.769367, 0.0111915, 0.0462738, -0.0104792, 0.770671, -0.0121586, -0.0464403, 0.0115063, 0.769352, -0.0936956, -0.584882, -0.190517 )

[node name="Skeleton" type="Skeleton" parent="Emma"]
bones/0/name = "BasePlayer.001"
bones/0/parent = -1
bones/0/rest = Transform( -0.97407, -0.018276, -0.225507, -0.225794, 0.0155342, 0.974051, -0.0142987, 0.999712, -0.0192579, -0.0504262, -0.000761263, 0.134727 )
bones/0/enabled = true
bones/0/bound_children = [  ]
bones/1/name = "BasePlayer"
bones/1/parent = 0
bones/1/rest = Transform( -0.974081, -0.0148556, 0.225711, -0.0182754, 0.999747, -0.0130692, -0.22546, -0.0168554, -0.974107, -0.0806013, -0.721593, 0.176356 )
bones/1/enabled = true
bones/1/bound_children = [  ]
bones/2/name = "Controlplayer"
bones/2/parent = 1
bones/2/rest = Transform( -1, -3.11601e-06, 4.3682e-05, -2.89228e-07, 0.997914, 0.0645638, -4.37921e-05, 0.0645638, -0.997914, 6.21835e-05, -0.169256, -1.28779 )
bones/2/enabled = true
bones/2/bound_children = [  ]
bones/3/name = "taz"
bones/3/parent = 2
bones/3/rest = Transform( -1, 4.3631e-06, -6.62441e-07, -4.0329e-07, -0.239829, -0.970815, -4.39464e-06, -0.970815, 0.239829, 8.10251e-08, 0.780689, -0.0193175 )
bones/3/enabled = true
bones/3/bound_children = [  ]
bones/4/name = "bedro.L"
bones/4/parent = 3
bones/4/rest = Transform( 0.000191271, 0.0116356, 0.999932, -0.287011, 0.957863, -0.0110912, -0.957927, -0.286989, 0.00352281, 0.128382, 0.0888404, 0.00901802 )
bones/4/enabled = true
bones/4/bound_children = [  ]
bones/5/name = "colen.L"
bones/5/parent = 4
bones/5/rest = Transform( -0.00217474, -0.145519, -0.989353, 0.0101803, 0.989301, -0.145534, 0.999946, -0.0103884, -0.000670075, -3.85335e-08, 0.498284, 8.00355e-11 )
bones/5/enabled = true
bones/5/bound_children = [  ]
bones/6/name = "bedro.R"
bones/6/parent = 3
bones/6/rest = Transform( 9.36389e-05, -0.0143122, -0.999898, 0.28701, 0.95783, -0.0136832, 0.957928, -0.286979, 0.00419748, -0.128382, 0.0888404, 0.00901813 )
bones/6/enabled = true
bones/6/bound_children = [  ]
bones/7/name = "colen.R"
bones/7/parent = 6
bones/7/rest = Transform( 0.00245571, 0.145518, 0.989352, -0.0159298, 0.989236, -0.145461, -0.99987, -0.015403, 0.00474733, -4.30737e-09, 0.498302, 1.0943e-08 )
bones/7/enabled = true
bones/7/bound_children = [  ]
bones/8/name = "front 1"
bones/8/parent = 3
bones/8/rest = Transform( -1, -1.74433e-07, 1.27724e-07, -2.116e-07, 0.910843, -0.412753, -4.43382e-08, -0.412753, -0.910843, -4.37722e-08, 0.130532, -0.135846 )
bones/8/enabled = true
bones/8/bound_children = [  ]
bones/9/name = "front 2"
bones/9/parent = 8
bones/9/rest = Transform( -1, -8.99666e-08, -2.05016e-06, 2.69246e-07, 0.984651, -0.174539, 2.03439e-06, -0.174539, -0.98465, -2.32831e-10, 0.227893, 0 )
bones/9/enabled = true
bones/9/bound_children = [  ]
bones/10/name = "front 3"
bones/10/parent = 9
bones/10/rest = Transform( 1, 2.73434e-08, -1.31829e-06, -3.85595e-09, 0.999842, 0.0178132, 1.31857e-06, -0.0178132, 0.999841, -8.03266e-09, 0.181245, 2.32831e-09 )
bones/10/enabled = true
bones/10/bound_children = [  ]
bones/11/name = "back 1"
bones/11/parent = 3
bones/11/rest = Transform( 1, -7.92721e-08, 4.16288e-07, 1.75298e-09, 0.983113, 0.182999, -4.23765e-07, -0.182999, 0.983113, 9.63919e-08, 0.152616, 0.203617 )
bones/11/enabled = true
bones/11/bound_children = [  ]
bones/12/name = "back 2"
bones/12/parent = 11
bones/12/rest = Transform( 1, -5.52836e-10, 7.06058e-07, -4.24624e-08, 0.998142, 0.0609216, -7.0478e-07, -0.0609216, 0.998143, -1.58325e-08, 0.180314, 6.70552e-08 )
bones/12/enabled = true
bones/12/bound_children = [  ]
bones/13/name = "back 3"
bones/13/parent = 12
bones/13/rest = Transform( -1, 6.78972e-08, 1.11058e-06, -3.56502e-08, 0.995669, -0.0929725, -1.11208e-06, -0.0929725, -0.995669, 4.19095e-09, 0.199032, 4.56348e-08 )
bones/13/enabled = true
bones/13/bound_children = [  ]
bones/14/name = "spina"
bones/14/parent = 2
bones/14/rest = Transform( 1, -4.48405e-06, -4.51528e-07, -8.05807e-07, -0.0793258, -0.996849, 4.4341e-06, 0.996849, -0.0793258, -1.16415e-07, 0.788072, 0.023917 )
bones/14/enabled = true
bones/14/bound_children = [  ]
bones/15/name = "grud"
bones/15/parent = 14
bones/15/rest = Transform( -1, 2.48875e-07, -8.23243e-07, -2.04822e-08, 0.950053, 0.31209, 8.59795e-07, 0.31209, -0.950052, 5.58794e-09, 0.156882, -9.0804e-09 )
bones/15/enabled = true
bones/15/bound_children = [  ]
bones/16/name = "shea"
bones/16/parent = 15
bones/16/rest = Transform( 1, -1.90293e-08, -5.8076e-08, -1.10133e-09, 0.944522, -0.328448, 6.11042e-08, 0.328448, 0.944522, 7.45058e-09, 0.293813, -4.88944e-08 )
bones/16/enabled = true
bones/16/bound_children = [  ]
bones/17/name = "head"
bones/17/parent = 16
bones/17/rest = Transform( 1, 1.73991e-10, 9.52207e-07, -6.21082e-08, 0.997882, 0.0650432, -9.50179e-07, -0.0650432, 0.997882, 1.86265e-09, 0.163055, -2.37487e-08 )
bones/17/enabled = true
bones/17/bound_children = [  ]
bones/18/name = "ear.L"
bones/18/parent = 17
bones/18/rest = Transform( 0.031047, 0.29354, -0.955443, 0.0356026, 0.954972, 0.294553, 0.998884, -0.0431612, 0.0191982, 0.130388, 0.402452, 0.0314568 )
bones/18/enabled = true
bones/18/bound_children = [  ]
bones/19/name = "ear2.L"
bones/19/parent = 18
bones/19/rest = Transform( 0.409899, 0.912119, -0.00471163, 0.479145, -0.210923, 0.852016, 0.776146, -0.351498, -0.523494, 1.02445e-08, 0.207745, 1.67638e-08 )
bones/19/enabled = true
bones/19/bound_children = [  ]
bones/20/name = "ear3.L"
bones/20/parent = 19
bones/20/rest = Transform( 0.995901, -0.0901843, -0.00697649, 0.0900261, 0.98075, 0.173277, -0.00878466, -0.173195, 0.984848, -2.5332e-07, 0.159287, -1.11759e-07 )
bones/20/enabled = true
bones/20/bound_children = [  ]
bones/21/name = "hair4.L"
bones/21/parent = 17
bones/21/rest = Transform( 1, 1.60413e-09, 7.15837e-07, 2.56821e-11, -0.999998, 0.00220504, 7.15839e-07, -0.00220504, -0.999998, -0.000849046, 0.140033, -0.251572 )
bones/21/enabled = true
bones/21/bound_children = [  ]
bones/22/name = "hair44.L"
bones/22/parent = 21
bones/22/rest = Transform( 0.999998, 0.00157094, -0.00126049, -0.00195886, 0.90415, -0.427211, 0.000468551, 0.427213, 0.904151, -1.11759e-08, 0.291747, -8.47504e-08 )
bones/22/enabled = true
bones/22/bound_children = [  ]
bones/23/name = "hair2.L"
bones/23/parent = 17
bones/23/rest = Transform( 1, 8.91254e-08, 9.45763e-07, -2.43984e-08, -0.992851, 0.119357, 9.49654e-07, -0.119359, -0.992836, 0.182759, 0.105521, -0.0992112 )
bones/23/enabled = true
bones/23/bound_children = [  ]
bones/24/name = "hair22.L"
bones/24/parent = 23
bones/24/rest = Transform( -0.0368371, 0.762184, 0.646311, -0.0544914, 0.644256, -0.762866, -0.997835, -0.0633202, 0.0178, 1.30385e-08, 0.334884, -3.35276e-08 )
bones/24/enabled = true
bones/24/bound_children = [  ]
bones/25/name = "Hair1.L"
bones/25/parent = 17
bones/25/rest = Transform( -0.873598, 0.0941897, 0.477478, -0.091088, -0.9954, 0.0297088, 0.478089, -0.0175386, 0.878142, 0.1847, 0.214468, 0.0184552 )
bones/25/enabled = true
bones/25/bound_children = [  ]
bones/26/name = "hair3.L"
bones/26/parent = 17
bones/26/rest = Transform( 0.889868, 0.190042, 0.414752, -0.0296738, -0.883073, 0.468296, 0.455252, -0.429029, -0.780179, 0.179869, 0.108548, -0.196054 )
bones/26/enabled = true
bones/26/bound_children = [  ]
bones/27/name = "ear.R"
bones/27/parent = 17
bones/27/rest = Transform( 0.0310489, -0.29354, 0.955442, -0.0356028, 0.954972, 0.294553, -0.998883, -0.0431619, 0.0192, -0.130388, 0.402452, 0.0314566 )
bones/27/enabled = true
bones/27/bound_children = [  ]
bones/28/name = "ear2.R"
bones/28/parent = 27
bones/28/rest = Transform( 0.409899, -0.912119, 0.0047116, -0.479145, -0.210923, 0.852016, -0.776146, -0.351498, -0.523494, 2.42144e-08, 0.207745, 1.49012e-08 )
bones/28/enabled = true
bones/28/bound_children = [  ]
bones/29/name = "ear3.R"
bones/29/parent = 28
bones/29/rest = Transform( 0.995901, 0.0901842, 0.00697643, -0.0900261, 0.98075, 0.173277, 0.00878472, -0.173195, 0.984848, 3.72529e-09, 0.159287, 9.45292e-08 )
bones/29/enabled = true
bones/29/bound_children = [  ]
bones/30/name = "hair2.R"
bones/30/parent = 17
bones/30/rest = Transform( 1, 8.91254e-08, 9.45763e-07, -2.43984e-08, -0.992851, 0.119357, 9.49654e-07, -0.119359, -0.992836, -0.182758, 0.105521, -0.0992116 )
bones/30/enabled = true
bones/30/bound_children = [  ]
bones/31/name = "hair22.R"
bones/31/parent = 30
bones/31/rest = Transform( -0.0368372, -0.762184, -0.646311, 0.0544913, 0.644256, -0.762866, 0.997834, -0.0633202, 0.0177998, 7.45058e-09, 0.334884, -3.35276e-08 )
bones/31/enabled = true
bones/31/bound_children = [  ]
bones/32/name = "Hair1.R"
bones/32/parent = 17
bones/32/rest = Transform( -0.873598, -0.0941896, -0.47748, 0.0910879, -0.9954, 0.0297088, -0.478091, -0.0175388, 0.878141, -0.1847, 0.214468, 0.0184549 )
bones/32/enabled = true
bones/32/bound_children = [  ]
bones/33/name = "hair3.R"
bones/33/parent = 17
bones/33/rest = Transform( 0.889869, -0.190041, -0.414751, 0.0296739, -0.883073, 0.468297, -0.455251, -0.429029, -0.78018, -0.179869, 0.108548, -0.196054 )
bones/33/enabled = true
bones/33/bound_children = [  ]
bones/34/name = "grudi"
bones/34/parent = 15
bones/34/rest = Transform( -1, -6.54952e-08, 7.62757e-07, 7.32066e-07, -0.373304, 0.927709, 2.2398e-07, 0.927709, 0.373304, 7.45058e-09, 0.189803, 0.0542265 )
bones/34/enabled = true
bones/34/bound_children = [  ]
bones/35/name = "lopatka.L"
bones/35/parent = 15
bones/35/rest = Transform( -0.282825, 0.950473, -0.128883, -0.278752, 0.0471205, 0.959206, 0.917773, 0.307214, 0.25162, 7.45058e-09, 0.315562, -0.0625436 )
bones/35/enabled = true
bones/35/bound_children = [  ]
bones/36/name = "pleso.L"
bones/36/parent = 35
bones/36/rest = Transform( 0.925996, -0.283753, -0.24903, 0.309925, 0.19467, 0.930618, -0.215587, -0.938929, 0.268206, 0.0140629, 0.184567, -0.078243 )
bones/36/enabled = true
bones/36/bound_children = [  ]
bones/37/name = "locot.L"
bones/37/parent = 36
bones/37/rest = Transform( 0.961367, 0.275173, -0.0072567, -0.274981, 0.958825, -0.0709868, -0.0125757, 0.0702398, 0.997451, -2.04891e-08, 0.286135, -5.21541e-08 )
bones/37/enabled = true
bones/37/bound_children = [  ]
bones/38/name = "kist.L"
bones/38/parent = 37
bones/38/rest = Transform( 0.997714, 0.0524003, -0.042666, -0.0357718, 0.945243, 0.324402, 0.0573285, -0.322135, 0.944956, -2.23517e-08, 0.31111, 3.1665e-08 )
bones/38/enabled = true
bones/38/bound_children = [  ]
bones/39/name = "bigpal.L"
bones/39/parent = 38
bones/39/rest = Transform( -0.884299, 0.463831, -0.0536188, 0.327271, 0.533812, -0.779705, -0.333029, -0.70704, -0.623847, 0.0679638, 0.0964804, -0.030607 )
bones/39/enabled = true
bones/39/bound_children = [  ]
bones/40/name = "ukazpal.L"
bones/40/parent = 38
bones/40/rest = Transform( 0.078905, 0.16108, 0.983782, -0.680056, 0.730271, -0.0650272, -0.728902, -0.663896, 0.167166, 0.054535, 0.161317, -0.00319442 )
bones/40/enabled = true
bones/40/bound_children = [  ]
bones/41/name = "sredpal.L"
bones/41/parent = 38
bones/41/rest = Transform( 0.777806, 0.193529, 0.597967, -0.538806, 0.69515, 0.475872, -0.323582, -0.692325, 0.644966, 0.0178101, 0.167949, 0.01424 )
bones/41/enabled = true
bones/41/bound_children = [  ]
bones/42/name = "besimpal.L"
bones/42/parent = 38
bones/42/rest = Transform( 0.126075, 0.111879, 0.985692, -0.702219, 0.711904, 0.00901419, -0.700709, -0.693308, 0.168317, -0.016899, 0.169034, 0.00265097 )
bones/42/enabled = true
bones/42/bound_children = [  ]
bones/43/name = "mizin.L"
bones/43/parent = 38
bones/43/rest = Transform( -0.143652, -0.00503224, 0.989616, -0.551107, 0.830987, -0.0757729, -0.821977, -0.556269, -0.122146, -0.0511144, 0.168348, -0.00526259 )
bones/43/enabled = true
bones/43/bound_children = [  ]
bones/44/name = "lopatka.R"
bones/44/parent = 15
bones/44/rest = Transform( -0.282825, -0.950473, 0.128882, 0.278752, 0.0471202, 0.959206, -0.917773, 0.307214, 0.25162, 7.45058e-09, 0.315562, -0.0625436 )
bones/44/enabled = true
bones/44/bound_children = [  ]
bones/45/name = "pleso.R"
bones/45/parent = 44
bones/45/rest = Transform( 0.92193, 0.299331, 0.245857, -0.312884, 0.201273, 0.92822, 0.228361, -0.932679, 0.279215, -0.0143597, 0.183569, -0.0781075 )
bones/45/enabled = true
bones/45/bound_children = [  ]
bones/46/name = "locot.R"
bones/46/parent = 45
bones/46/rest = Transform( 0.953357, -0.301797, 0.00545142, 0.301662, 0.951986, -0.0521851, 0.0105597, 0.0513955, 0.998622, 9.31323e-10, 0.288276, 4.09782e-08 )
bones/46/enabled = true
bones/46/bound_children = [  ]
bones/47/name = "kist.R"
bones/47/parent = 46
bones/47/rest = Transform( 0.998106, -0.0391851, 0.0474109, 0.022183, 0.948256, 0.316731, -0.0573688, -0.31508, 0.94733, 1.86265e-08, 0.310468, 6.70552e-08 )
bones/47/enabled = true
bones/47/bound_children = [  ]
bones/48/name = "bigpal.R"
bones/48/parent = 47
bones/48/rest = Transform( -0.884299, -0.463831, 0.0536187, -0.327271, 0.533812, -0.779705, 0.333029, -0.70704, -0.623848, -0.0679638, 0.0964804, -0.0306068 )
bones/48/enabled = true
bones/48/bound_children = [  ]
bones/49/name = "ukazpal.R"
bones/49/parent = 47
bones/49/rest = Transform( 0.0789049, -0.16108, -0.983782, 0.680056, 0.730271, -0.0650272, 0.728902, -0.663896, 0.167166, -0.0545351, 0.161317, -0.00319433 )
bones/49/enabled = true
bones/49/bound_children = [  ]
bones/50/name = "sredpal.R"
bones/50/parent = 47
bones/50/rest = Transform( 0.777806, -0.193529, -0.597967, 0.538806, 0.69515, 0.475872, 0.323582, -0.692325, 0.644966, -0.0178101, 0.167949, 0.0142401 )
bones/50/enabled = true
bones/50/bound_children = [  ]
bones/51/name = "besimpal.R"
bones/51/parent = 47
bones/51/rest = Transform( 0.126075, -0.111879, -0.985692, 0.702219, 0.711904, 0.00901416, 0.700709, -0.693308, 0.168317, 0.016899, 0.169034, 0.00265107 )
bones/51/enabled = true
bones/51/bound_children = [  ]
bones/52/name = "mizin.R"
bones/52/parent = 47
bones/52/rest = Transform( -0.143652, 0.00503215, -0.989616, 0.551107, 0.830987, -0.075773, 0.821976, -0.556269, -0.122146, 0.0511144, 0.168348, -0.00526248 )
bones/52/enabled = true
bones/52/bound_children = [  ]
bones/53/name = "Koleno.L"
bones/53/parent = 1
bones/53/rest = Transform( 1, 4.83239e-05, -1.23295e-07, 4.09273e-09, 0.00246674, 0.999997, 4.83241e-05, -0.999997, 0.00246674, 0.262677, 1.91624, -0.756459 )
bones/53/enabled = true
bones/53/bound_children = [  ]
bones/54/name = "IK Feet.L"
bones/54/parent = 1
bones/54/rest = Transform( 1, -3.63857e-06, 4.81452e-05, -1.33957e-08, -0.997177, -0.0750846, 4.82821e-05, 0.075084, -0.997185, 0.1348, 0.473791, 0.0138652 )
bones/54/enabled = true
bones/54/bound_children = [  ]
bones/55/name = "sole.L"
bones/55/parent = 54
bones/55/rest = Transform( -0.993827, 0.110788, -0.00575376, -0.106852, -0.969887, -0.218866, -0.0298282, -0.2169, 0.975738, 2.79397e-09, -0.11047, 0.00616273 )
bones/55/enabled = true
bones/55/bound_children = [  ]
bones/56/name = "feet.L"
bones/56/parent = 54
bones/56/rest = Transform( 1, 7.48153e-09, 2.33049e-07, 1.15457e-07, 0.852465, -0.522785, -2.02577e-07, 0.522785, 0.852465, 1.86265e-09, -0.101656, 0.013555 )
bones/56/enabled = true
bones/56/bound_children = [  ]
bones/57/name = "pyatka.L"
bones/57/parent = 54
bones/57/rest = Transform( 1, 8.08581e-09, -1.18225e-10, -8.08137e-09, 0.998708, -0.0508199, -2.92848e-10, 0.0508199, 0.998708, 2.32831e-09, 0.0135699, 0.0842184 )
bones/57/enabled = true
bones/57/bound_children = [  ]
bones/58/name = "Koleno.R"
bones/58/parent = 1
bones/58/rest = Transform( 1, 4.83239e-05, -1.23295e-07, 4.09273e-09, 0.00246674, 0.999997, 4.83241e-05, -0.999997, 0.00246674, -0.262604, 1.91624, -0.756484 )
bones/58/enabled = true
bones/58/bound_children = [  ]
bones/59/name = "IK Feet.R"
bones/59/parent = 1
bones/59/rest = Transform( 1, -3.63862e-06, 4.81457e-05, -1.34031e-08, -0.997177, -0.0750846, 4.82826e-05, 0.075084, -0.997185, -0.134802, 0.473791, 0.0138523 )
bones/59/enabled = true
bones/59/bound_children = [  ]
bones/60/name = "sole.R"
bones/60/parent = 59
bones/60/rest = Transform( -0.993828, -0.110788, 0.00575359, 0.106852, -0.969887, -0.218866, 0.029828, -0.2169, 0.975738, -5.96046e-08, -0.11047, 0.00616284 )
bones/60/enabled = true
bones/60/bound_children = [  ]
bones/61/name = "feet.R"
bones/61/parent = 59
bones/61/rest = Transform( 1, 6.82275e-09, -2.41485e-07, -1.32061e-07, 0.852465, -0.522785, 2.0229e-07, 0.522785, 0.852465, -6.1933e-08, -0.101656, 0.013555 )
bones/61/enabled = true
bones/61/bound_children = [  ]
bones/62/name = "pyatka.R"
bones/62/parent = 59
bones/62/rest = Transform( 1, 8.1254e-09, 5.79712e-10, -8.08544e-09, 0.998708, -0.0508199, -9.91895e-10, 0.0508199, 0.998708, -4.37722e-08, 0.0135699, 0.0842186 )
bones/62/enabled = true
bones/62/bound_children = [  ]

[node name="EmmaMaw" type="MeshInstance" parent="Emma/Skeleton"]
mesh = SubResource( 3 )
skin = SubResource( 4 )
material/0 = null
